1230000000000000
1230000000000018
1230000000000026
1230000000000034
1230000000000042
1230000000000059
1230000000000067
1230000000000075
1230000000000083
1230000000000091
1230000000000109
1230000000000117
1230000000000125
1230000000000133
1230000000000141
1230000000000158
1230000000000166
1230000000000174
1230000000000182
1230000000000190
1230000000000208
1230000000000216
1230000000000224
1230000000000232
1230000000000240
1230000000000257
1230000000000265
1230000000000273
1230000000000281
1230000000000299
1230000000000307
1230000000000315
1230000000000323
1230000000000331
1230000000000349
1230000000000356
1230000000000364
1230000000000372
1230000000000380
1230000000000398
1230000000000406
1230000000000414
1230000000000422
1230000000000430
1230000000000448
1230000000000455
1230000000000463
1230000000000471
1230000000000489
1230000000000497
1230000000000505
1230000000000513
1230000000000521
1230000000000539
1230000000000547
1230000000000554
1230000000000562
1230000000000570
1230000000000588
1230000000000596
1230000000000604
1230000000000612
1230000000000620
1230000000000638
1230000000000646
1230000000000653
1230000000000661
1230000000000679
1230000000000687
1230000000000695
1230000000000703
1230000000000711
1230000000000729
1230000000000737
1230000000000745
1230000000000752
1230000000000760
1230000000000778
1230000000000786
1230000000000794
1230000000000802
1230000000000810
1230000000000828
1230000000000836
1230000000000844
1230000000000851
1230000000000869
1230000000000877
1230000000000885
1230000000000893
1230000000000901
1230000000000919
1230000000000927
1230000000000935
1230000000000943
1230000000000950
1230000000000968
1230000000000976
1230000000000984
1230000000000992
1230000000001008
1230000000001016
1230000000001024
1230000000001032
1230000000001040
1230000000001057
1230000000001065
1230000000001073
1230000000001081
1230000000001099
1230000000001107
1230000000001115
1230000000001123
1230000000001131
1230000000001149
1230000000001156
1230000000001164
1230000000001172
1230000000001180
1230000000001198
1230000000001206
1230000000001214
1230000000001222
1230000000001230
1230000000001248
1230000000001255
1230000000001263
1230000000001271
1230000000001289
1230000000001297
